TS_SOLUCAO_F2004.txt_1 60 90 35 482 436 7634.68 
TS_SOLUCAO_F2005.txt_1 60 90 35 479 440 6078.38 
TS_SOLUCAO_F2005.txt_6 60 90 35 470 444 6682.64 
TS_SOLUCAO_F2005.txt_8 60 90 35 480 441 7356.26 
TS_SOLUCAO_F2005.txt_9 60 90 35 475 438 7988.23 
TS_SOLUCAO_F2005.txt_7 60 90 35 473 444 3552.51 
TS_SOLUCAO_F2005.txt_5 60 90 35 474 443 4990.98 
TS_SOLUCAO_F2005.txt_2 60 90 35 480 443 3718.85 
TS_SOLUCAO_F2005.txt_3 60 90 35 471 440 8213.36 
TS_SOLUCAO_F2005.txt_4 60 90 35 475 440 3946.6 
TS_SOLUCAO_F2005.txt_10 60 90 35 478 443 6593.89 
